30:5a:3a:4c:93:54, 1542447003, 1542447041, memphis, 38
40:8d:5c:55:e5:c5, 1542447037, 1542447099, memphis, 62
e0:76:d0:eb:18:9e, 1542447000, 1542447106, memphis, 106
e0:76:d0:eb:18:9e, 1542447045, 1542447106, memphis, 61
e0:76:d0:eb:18:9e, 1542447091, 1542447106, memphis, 15
18:d2:76:e1:44:17, 1542447020, 1542447174, memphis, 154
18:d2:76:e1:44:17, 1542447115, 1542447174, memphis, 59
b0:39:56:06:e5:0c, 1542447173, 1542447176, memphis, 3
b0:4e:26:ab:a1:70, 1542447043, 1542447185, memphis, 142
b0:4e:26:ab:a1:70, 1542447163, 1542447185, memphis, 22
40:8d:5c:55:e5:c5, 1542447117, 1542447194, memphis, 77
54:60:09:5a:3f:a8, 1542447077, 1542447197, memphis, 120
54:60:09:5a:3f:a8, 1542447168, 1542447197, memphis, 29
0c:48:85:ab:1e:4e, 1542447160, 1542447239, memphis, 79
fc:3f:7c:1b:cc:6b, 1542447238, 1542447358, memphis, 120
e0:76:d0:d4:d8:dc, 1542447284, 1542447367, memphis, 83
da:a1:19:01:85:98, 1542447411, 1542447414, memphis, 3
54:60:09:5a:3f:a8, 1542447317, 1542447420, memphis, 103
40:8d:5c:55:e5:c5, 1542447304, 1542447421, memphis, 117
40:8d:5c:55:e5:c5, 1542447393, 1542447421, memphis, 28
e0:76:d0:d4:d0:12, 1542447415, 1542447428, memphis, 13
18:d2:76:e1:44:17, 1542447410, 1542447429, memphis, 19
e0:76:d0:eb:18:9e, 1542447136, 1542447436, memphis, 300
e0:76:d0:eb:18:9e, 1542447195, 1542447436, memphis, 241
e0:76:d0:eb:18:9e, 1542447256, 1542447436, memphis, 180
e0:76:d0:eb:18:9e, 1542447331, 1542447436, memphis, 105
e0:76:d0:eb:18:9e, 1542447376, 1542447436, memphis, 60
e0:76:d0:eb:18:9e, 1542447406, 1542447436, memphis, 30
58:e2:8f:cd:d1:4e, 1542447263, 1542447444, memphis, 181
00:00:00:02:02:02, 1542447228, 1542447445, memphis, 217
00:00:00:02:02:02, 1542447323, 1542447445, memphis, 122
00:00:00:02:02:02, 1542447363, 1542447445, memphis, 82
10:a4:be:e1:f2:0d, 1542447437, 1542447450, memphis, 13
18:d2:76:e1:44:17, 1542447456, 1542447469, memphis, 13
54:60:09:5a:3f:a8, 1542447437, 1542447483, memphis, 46
40:8d:5c:55:e5:c5, 1542447463, 1542447492, memphis, 29
02:a0:57:24:45:ae, 1542447249, 1542447507, memphis, 258
02:a0:57:24:45:ae, 1542447289, 1542447507, memphis, 218
02:a0:57:24:45:ae, 1542447353, 1542447507, memphis, 154
02:a0:57:24:45:ae, 1542447393, 1542447507, memphis, 114
02:a0:57:24:45:ae, 1542447451, 1542447507, memphis, 56
02:a0:57:24:45:ae, 1542447497, 1542447507, memphis, 10
02:a0:57:24:45:ae, 1542447531, 1542447540, memphis, 9
fc:3f:7c:1b:cc:6b, 1542447535, 1542447603, memphis, 68
fc:3f:7c:1b:cc:6b, 1542447597, 1542447603, memphis, 6
ee:15:54:7a:a7:2f, 1542447470, 1542447605, memphis, 135
40:8d:5c:55:e5:c5, 1542447549, 1542447608, memphis, 59
3c:dc:bc:fd:1a:2b, 1542447334, 1542447633, memphis, 299
30:5a:3a:4c:93:54, 1542447552, 1542447639, memphis, 87
02:a0:57:24:45:ae, 1542447601, 1542447642, memphis, 41
00:10:39:1b:d4:70, 1542447141, 1542447663, memphis, 522
00:10:39:1b:d4:70, 1542447571, 1542447663, memphis, 92
54:60:09:5a:3f:a8, 1542447546, 1542447672, memphis, 126
e0:76:d0:eb:18:9e, 1542447481, 1542447676, memphis, 195
e0:76:d0:eb:18:9e, 1542447526, 1542447676, memphis, 150
e0:76:d0:eb:18:9e, 1542447586, 1542447676, memphis, 90
e0:76:d0:eb:18:9e, 1542447616, 1542447676, memphis, 60
9c:d3:5b:fb:a8:51, 1542447738, 1542447746, memphis, 8
da:a1:19:01:85:98, 1542447443, 1542447769, memphis, 326
da:a1:19:01:85:98, 1542447505, 1542447769, memphis, 264
da:a1:19:01:85:98, 1542447568, 1542447769, memphis, 201
da:a1:19:01:85:98, 1542447627, 1542447769, memphis, 142
da:a1:19:01:85:98, 1542447657, 1542447769, memphis, 112
94:7b:e7:08:38:e8, 1542447624, 1542447864, memphis, 240
9c:5c:8e:9d:de:f9, 1542447755, 1542447876, memphis, 121
b4:e1:c4:d0:74:4c, 1542447542, 1542447906, memphis, 364
c0:ee:fb:f9:10:1c, 1542447769, 1542447909, memphis, 140
40:8d:5c:55:e5:c5, 1542447782, 1542447915, memphis, 133
40:8d:5c:55:e5:c5, 1542447816, 1542447915, memphis, 99
40:8d:5c:55:e5:c5, 1542447847, 1542447915, memphis, 68
40:8d:5c:55:e5:c5, 1542447881, 1542447915, memphis, 34
54:60:09:5a:3f:a8, 1542447673, 1542447917, memphis, 244
54:60:09:5a:3f:a8, 1542447736, 1542447917, memphis, 181
54:60:09:5a:3f:a8, 1542447797, 1542447917, memphis, 120
54:60:09:5a:3f:a8, 1542447864, 1542447917, memphis, 53
e0:76:d0:eb:18:9e, 1542447691, 1542447932, memphis, 241
e0:76:d0:eb:18:9e, 1542447766, 1542447932, memphis, 166
e0:76:d0:eb:18:9e, 1542447826, 1542447932, memphis, 106
c4:93:d9:cd:2b:fa, 1542447847, 1542447971, memphis, 124
54:60:09:5a:3f:a8, 1542447926, 1542447990, memphis, 64
fc:3f:7c:1b:cc:6b, 1542447731, 1542448008, memphis, 277
fc:3f:7c:1b:cc:6b, 1542447787, 1542448008, memphis, 221
fc:3f:7c:1b:cc:6b, 1542447823, 1542448008, memphis, 185
fc:3f:7c:1b:cc:6b, 1542447863, 1542448008, memphis, 145
fc:3f:7c:1b:cc:6b, 1542447986, 1542448008, memphis, 22
da:a1:19:01:85:98, 1542447944, 1542448010, memphis, 66
e8:94:f6:0d:ae:c4, 1542447059, 1542448013, memphis, 954
e8:94:f6:0d:ae:c4, 1542447129, 1542448013, memphis, 884
e8:94:f6:0d:ae:c4, 1542447178, 1542448013, memphis, 835
e8:94:f6:0d:ae:c4, 1542447264, 1542448013, memphis, 749
e8:94:f6:0d:ae:c4, 1542447331, 1542448013, memphis, 682
e8:94:f6:0d:ae:c4, 1542447402, 1542448013, memphis, 611
e8:94:f6:0d:ae:c4, 1542447451, 1542448013, memphis, 562
e8:94:f6:0d:ae:c4, 1542447562, 1542448013, memphis, 451
e8:94:f6:0d:ae:c4, 1542447724, 1542448013, memphis, 289
e8:94:f6:0d:ae:c4, 1542447835, 1542448013, memphis, 178
e8:94:f6:0d:ae:c4, 1542447982, 1542448013, memphis, 31
40:8d:5c:55:e5:c5, 1542447997, 1542448028, memphis, 31
18:d2:76:e1:44:17, 1542447855, 1542448043, memphis, 188
18:d2:76:e1:44:17, 1542447895, 1542448043, memphis, 148
18:d2:76:e1:44:17, 1542447968, 1542448043, memphis, 75
d4:38:9c:b9:93:3a, 1542447395, 1542448053, memphis, 658
da:a1:19:63:17:92, 1542447686, 1542448053, memphis, 367
30:5a:3a:4c:93:54, 1542447994, 1542448062, memphis, 68
30:5a:3a:4c:93:54, 1542448028, 1542448062, memphis, 34
94:e9:6a:8c:35:74, 1542447953, 1542448068, memphis, 115
c8:d7:b0:ce:dc:a0, 1542447764, 1542448079, memphis, 315
c8:d7:b0:ce:dc:a0, 1542447893, 1542448079, memphis, 186
02:a0:57:24:45:ae, 1542447709, 1542448108, memphis, 399
02:a0:57:24:45:ae, 1542447788, 1542448108, memphis, 320
02:a0:57:24:45:ae, 1542447831, 1542448108, memphis, 277
02:a0:57:24:45:ae, 1542447911, 1542448108, memphis, 197
02:a0:57:24:45:ae, 1542447994, 1542448108, memphis, 114
48:d3:43:1b:c4:20, 1542447755, 1542448117, memphis, 362
18:d2:76:e1:44:17, 1542448122, 1542448177, memphis, 55
cc:9f:7a:2d:92:6c, 1542448067, 1542448191, memphis, 124
00:0c:f6:a2:8d:b4, 1542447874, 1542448206, memphis, 332
02:a0:57:24:45:ae, 1542448126, 1542448231, memphis, 105
30:5a:3a:4c:93:54, 1542448086, 1542448234, memphis, 148
30:5a:3a:4c:93:54, 1542448117, 1542448234, memphis, 117
30:5a:3a:4c:93:54, 1542448153, 1542448234, memphis, 81
40:8d:5c:55:e5:c5, 1542448055, 1542448268, memphis, 213
40:8d:5c:55:e5:c5, 1542448095, 1542448268, memphis, 173
40:8d:5c:55:e5:c5, 1542448236, 1542448268, memphis, 32
fc:c2:de:5c:d6:1b, 1542448172, 1542448291, memphis, 119
a4:6c:f1:b8:6b:25, 1542448094, 1542448291, memphis, 197
00:00:00:02:02:02, 1542447959, 1542448297, memphis, 338
00:00:00:02:02:02, 1542448030, 1542448297, memphis, 267
00:00:00:02:02:02, 1542448098, 1542448297, memphis, 199
00:00:00:02:02:02, 1542448203, 1542448297, memphis, 94
00:00:00:02:02:02, 1542448280, 1542448297, memphis, 17
e0:76:d0:d4:d0:12, 1542448290, 1542448302, memphis, 12
18:d2:76:e1:44:17, 1542448229, 1542448306, memphis, 77
18:d2:76:e1:44:17, 1542448278, 1542448306, memphis, 28
00:06:c6:8f:69:d1, 1542447525, 1542448314, memphis, 789
00:06:c6:8f:69:d1, 1542447917, 1542448314, memphis, 397
68:c4:4d:ec:cf:cb, 1542447916, 1542448327, memphis, 411
68:c4:4d:ec:cf:cb, 1542448008, 1542448327, memphis, 319
e0:76:d0:d4:d8:dc, 1542448323, 1542448333, memphis, 10
40:8d:5c:55:e5:c5, 1542448328, 1542448335, memphis, 7
00:10:39:1b:d2:bf, 1542448077, 1542448341, memphis, 264
b4:e1:c4:d0:74:4c, 1542448087, 1542448345, memphis, 258
60:1d:91:d7:97:9b, 1542447547, 1542448351, memphis, 804
60:1d:91:d7:97:9b, 1542447626, 1542448351, memphis, 725
50:f0:d3:0d:69:d0, 1542448223, 1542448353, memphis, 130
54:60:09:5a:3f:a8, 1542447990, 1542448368, memphis, 378
54:60:09:5a:3f:a8, 1542448052, 1542448368, memphis, 316
54:60:09:5a:3f:a8, 1542448115, 1542448368, memphis, 253
54:60:09:5a:3f:a8, 1542448157, 1542448368, memphis, 211
54:60:09:5a:3f:a8, 1542448242, 1542448368, memphis, 126
54:60:09:5a:3f:a8, 1542448277, 1542448368, memphis, 91
30:5a:3a:4c:93:54, 1542448359, 1542448369, memphis, 10
18:d2:76:e1:44:17, 1542448364, 1542448392, memphis, 28
4c:66:41:fd:52:3d, 1542448112, 1542448420, memphis, 308
4c:66:41:fd:52:3d, 1542448174, 1542448420, memphis, 246
4c:66:41:fd:52:3d, 1542448206, 1542448420, memphis, 214
f4:c2:48:fe:51:64, 1542448395, 1542448429, memphis, 34
b4:e1:c4:d0:74:4c, 1542448442, 1542448448, memphis, 6
30:5a:3a:4c:93:54, 1542448420, 1542448452, memphis, 32
e0:76:d0:eb:18:9e, 1542447991, 1542448457, memphis, 466
e0:76:d0:eb:18:9e, 1542448051, 1542448457, memphis, 406
e0:76:d0:eb:18:9e, 1542448111, 1542448457, memphis, 346
e0:76:d0:eb:18:9e, 1542448232, 1542448457, memphis, 225
e0:76:d0:eb:18:9e, 1542448336, 1542448457, memphis, 121
e0:76:d0:eb:18:9e, 1542448382, 1542448457, memphis, 75
14:9d:09:e5:fc:5e, 1542447750, 1542448506, memphis, 756
14:9d:09:e5:fc:5e, 1542447870, 1542448506, memphis, 636
14:9d:09:e5:fc:5e, 1542448110, 1542448506, memphis, 396
00:10:39:1b:d4:70, 1542447868, 1542448519, memphis, 651
c0:ee:fb:da:cc:f4, 1542447019, 1542448519, memphis, 1500
c0:ee:fb:da:cc:f4, 1542448040, 1542448519, memphis, 479
f4:c2:48:fe:51:64, 1542448523, 1542448526, memphis, 3
f8:16:54:69:05:05, 1542448296, 1542448544, memphis, 248
f8:16:54:69:05:05, 1542448341, 1542448544, memphis, 203
f8:16:54:69:05:05, 1542448411, 1542448544, memphis, 133
f8:16:54:69:05:05, 1542448534, 1542448544, memphis, 10
12:f8:da:a8:cc:c1, 1542447981, 1542448560, memphis, 579
40:8d:5c:55:e5:c5, 1542448540, 1542448577, memphis, 37
fc:3f:7c:1b:cc:6b, 1542448084, 1542448582, memphis, 498
fc:3f:7c:1b:cc:6b, 1542448182, 1542448582, memphis, 400
fc:3f:7c:1b:cc:6b, 1542448250, 1542448582, memphis, 332
fc:3f:7c:1b:cc:6b, 1542448345, 1542448582, memphis, 237
fc:3f:7c:1b:cc:6b, 1542448467, 1542448582, memphis, 115
e0:76:d0:eb:18:9e, 1542448487, 1542448592, memphis, 105
e0:76:d0:eb:18:9e, 1542448547, 1542448592, memphis, 45
00:00:00:02:02:02, 1542448327, 1542448592, memphis, 265
00:00:00:02:02:02, 1542448370, 1542448592, memphis, 222
00:00:00:02:02:02, 1542448524, 1542448592, memphis, 68
e0:76:d0:d4:d8:dc, 1542448593, 1542448597, memphis, 4
e0:76:d0:d4:d0:12, 1542448578, 1542448612, memphis, 34
dc:bf:e9:6f:ee:b8, 1542448366, 1542448616, memphis, 250
dc:bf:e9:6f:ee:b8, 1542448451, 1542448616, memphis, 165
dc:bf:e9:6f:ee:b8, 1542448604, 1542448616, memphis, 12
00:87:01:cb:62:cb, 1542447126, 1542448638, memphis, 1512
00:87:01:cb:62:cb, 1542447389, 1542448638, memphis, 1249
e0:76:d0:d4:d8:dc, 1542448633, 1542448643, memphis, 10
18:d2:76:e1:44:17, 1542448410, 1542448650, memphis, 240
18:d2:76:e1:44:17, 1542448441, 1542448650, memphis, 209
18:d2:76:e1:44:17, 1542448505, 1542448650, memphis, 145
18:d2:76:e1:44:17, 1542448582, 1542448650, memphis, 68
18:d2:76:e1:44:17, 1542448634, 1542448650, memphis, 16
00:00:00:02:02:02, 1542448654, 1542448678, memphis, 24
68:64:4b:e4:e9:35, 1542448342, 1542448691, memphis, 349
68:64:4b:e4:e9:35, 1542448414, 1542448691, memphis, 277
68:64:4b:e4:e9:35, 1542448477, 1542448691, memphis, 214
68:64:4b:e4:e9:35, 1542448644, 1542448691, memphis, 47
fc:3f:7c:1b:cc:6b, 1542448679, 1542448707, memphis, 28
e0:aa:96:2b:9b:a0, 1542448115, 1542448734, memphis, 619
e0:aa:96:2b:9b:a0, 1542448155, 1542448734, memphis, 579
7e:91:7c:34:6d:5d, 1542448613, 1542448748, memphis, 135
40:8d:5c:55:e5:c5, 1542448717, 1542448749, memphis, 32
00:10:39:1b:d2:bf, 1542448374, 1542448771, memphis, 397
b0:4e:26:ab:a1:70, 1542448328, 1542448789, memphis, 461
da:a1:19:01:85:98, 1542448590, 1542448796, memphis, 206
b4:e1:c4:d0:74:4c, 1542448792, 1542448801, memphis, 9
54:60:09:5a:3f:a8, 1542448368, 1542448810, memphis, 442
54:60:09:5a:3f:a8, 1542448495, 1542448810, memphis, 315
54:60:09:5a:3f:a8, 1542448557, 1542448810, memphis, 253
54:60:09:5a:3f:a8, 1542448637, 1542448810, memphis, 173
00:00:00:02:02:02, 1542448687, 1542448814, memphis, 127
4c:dd:31:22:8a:c0, 1542447777, 1542448815, memphis, 1038
fc:3f:7c:1b:cc:6b, 1542448725, 1542448827, memphis, 102
c0:63:94:4c:df:65, 1542448591, 1542448852, memphis, 261
c0:63:94:4c:df:65, 1542448728, 1542448852, memphis, 124
c0:63:94:4c:df:65, 1542448788, 1542448852, memphis, 64
c0:ee:fb:f9:10:1c, 1542447933, 1542448861, memphis, 928
30:5a:3a:4c:93:54, 1542448748, 1542448863, memphis, 115
30:5a:3a:4c:93:54, 1542448785, 1542448863, memphis, 78
30:5a:3a:4c:93:54, 1542448816, 1542448863, memphis, 47
6c:c7:ec:2c:f6:0a, 1542447574, 1542448864, memphis, 1290
40:40:a7:2b:6c:30, 1542448033, 1542448871, memphis, 838
40:40:a7:2b:6c:30, 1542448092, 1542448871, memphis, 779
40:40:a7:2b:6c:30, 1542448646, 1542448871, memphis, 225
40:40:a7:2b:6c:30, 1542448811, 1542448871, memphis, 60
00:5a:13:b4:21:9e, 1542447555, 1542448885, memphis, 1330
30:07:4d:69:ca:32, 1542447962, 1542448886, memphis, 924
18:d2:76:e1:44:17, 1542448677, 1542448892, memphis, 215
18:d2:76:e1:44:17, 1542448735, 1542448892, memphis, 157
18:d2:76:e1:44:17, 1542448854, 1542448892, memphis, 38
fc:3f:7c:1b:cc:6b, 1542448851, 1542448910, memphis, 59
94:7b:e7:fe:0f:f3, 1542447139, 1542448921, memphis, 1782
84:8e:df:e2:df:ce, 1542448054, 1542448923, memphis, 869
84:8e:df:e2:df:ce, 1542448559, 1542448923, memphis, 364
84:8e:df:e2:df:ce, 1542448619, 1542448923, memphis, 304
40:8d:5c:55:e5:c5, 1542448754, 1542448927, memphis, 173
02:a0:57:24:45:ae, 1542448249, 1542448961, memphis, 712
02:a0:57:24:45:ae, 1542448322, 1542448961, memphis, 639
02:a0:57:24:45:ae, 1542448500, 1542448961, memphis, 461
02:a0:57:24:45:ae, 1542448586, 1542448961, memphis, 375
02:a0:57:24:45:ae, 1542448690, 1542448961, memphis, 271
02:a0:57:24:45:ae, 1542448736, 1542448961, memphis, 225
02:a0:57:24:45:ae, 1542448825, 1542448961, memphis, 136
38:25:6b:31:f2:b8, 1542448591, 1542448972, memphis, 381
38:25:6b:31:f2:b8, 1542448720, 1542448972, memphis, 252
38:25:6b:31:f2:b8, 1542448845, 1542448972, memphis, 127
4e:f1:21:df:ac:f1, 1542448793, 1542448973, memphis, 180
5c:ca:1a:fa:91:14, 1542447233, 1542449005, memphis, 1772
5c:ca:1a:fa:91:14, 1542447300, 1542449005, memphis, 1705
5c:ca:1a:fa:91:14, 1542447361, 1542449005, memphis, 1644
9c:2e:a1:f0:fa:ad, 1542448478, 1542449006, memphis, 528
9c:2e:a1:f0:fa:ad, 1542448622, 1542449006, memphis, 384
9c:2e:a1:f0:fa:ad, 1542448692, 1542449006, memphis, 314
9c:2e:a1:f0:fa:ad, 1542448767, 1542449006, memphis, 239
b4:3a:28:4b:5f:9c, 1542447636, 1542449016, memphis, 1380
00:5a:13:b4:21:9e, 1542448927, 1542449035, memphis, 108
02:a0:57:24:45:ae, 1542449046, 1542449090, memphis, 44
00:10:39:1b:d4:70, 1542448892, 1542449090, memphis, 198
08:c5:e1:e7:75:50, 1542448878, 1542449109, memphis, 231
08:c5:e1:e7:75:50, 1542449053, 1542449109, memphis, 56
18:d2:76:e1:44:17, 1542448959, 1542449113, memphis, 154
18:d2:76:e1:44:17, 1542449020, 1542449113, memphis, 93
18:d2:76:e1:44:17, 1542449057, 1542449113, memphis, 56
00:11:32:6d:d5:d6, 1542448420, 1542449120, memphis, 700
d4:e6:b7:00:8a:0b, 1542448922, 1542449130, memphis, 208
d4:e6:b7:00:8a:0b, 1542449053, 1542449130, memphis, 77
d4:e6:b7:00:8a:0b, 1542449098, 1542449130, memphis, 32
c0:ee:fb:6c:1a:c6, 1542448531, 1542449154, memphis, 623
c0:ee:fb:6c:1a:c6, 1542448665, 1542449154, memphis, 489
c0:ee:fb:6c:1a:c6, 1542448705, 1542449154, memphis, 449
c0:ee:fb:6c:1a:c6, 1542448746, 1542449154, memphis, 408
c0:ee:fb:6c:1a:c6, 1542448787, 1542449154, memphis, 367
c0:ee:fb:6c:1a:c6, 1542448827, 1542449154, memphis, 327
d4:38:9c:b9:93:3a, 1542448103, 1542449170, memphis, 1067
e0:76:d0:eb:18:9e, 1542448697, 1542449177, memphis, 480
e0:76:d0:eb:18:9e, 1542448772, 1542449177, memphis, 405
e0:76:d0:eb:18:9e, 1542448832, 1542449177, memphis, 345
e0:76:d0:eb:18:9e, 1542448907, 1542449177, memphis, 270
e0:76:d0:eb:18:9e, 1542448952, 1542449177, memphis, 225
e0:76:d0:eb:18:9e, 1542448982, 1542449177, memphis, 195
e0:76:d0:eb:18:9e, 1542449057, 1542449177, memphis, 120
e0:76:d0:eb:18:9e, 1542449117, 1542449177, memphis, 60
18:d2:76:e1:44:17, 1542449161, 1542449211, memphis, 50
d2:d5:06:43:bd:73, 1542449122, 1542449212, memphis, 90
48:27:ea:7e:06:86, 1542447829, 1542449237, memphis, 1408
48:27:ea:7e:06:86, 1542448998, 1542449237, memphis, 239
48:27:ea:7e:06:86, 1542449113, 1542449237, memphis, 124
04:d6:aa:e4:70:64, 1542448644, 1542449253, memphis, 609
04:d6:aa:e4:70:64, 1542448712, 1542449253, memphis, 541
04:d6:aa:e4:70:64, 1542449019, 1542449253, memphis, 234
04:d6:aa:e4:70:64, 1542449053, 1542449253, memphis, 200
04:d6:aa:e4:70:64, 1542449118, 1542449253, memphis, 135
04:d6:aa:e4:70:64, 1542449184, 1542449253, memphis, 69
dc:56:e7:6f:c5:cd, 1542447515, 1542449265, memphis, 1750
30:5a:3a:4c:93:54, 1542449150, 1542449268, memphis, 118
00:00:00:02:02:02, 1542449147, 1542449292, memphis, 145
00:00:00:02:02:02, 1542449241, 1542449292, memphis, 51
9c:e0:63:cd:40:0b, 1542448418, 1542449325, memphis, 907
e8:94:f6:0d:ae:c4, 1542448028, 1542449338, memphis, 1310
e8:94:f6:0d:ae:c4, 1542448114, 1542449338, memphis, 1224
e8:94:f6:0d:ae:c4, 1542448230, 1542449338, memphis, 1108
e8:94:f6:0d:ae:c4, 1542448322, 1542449338, memphis, 1016
e8:94:f6:0d:ae:c4, 1542448399, 1542449338, memphis, 939
e8:94:f6:0d:ae:c4, 1542448699, 1542449338, memphis, 639
e8:94:f6:0d:ae:c4, 1542448767, 1542449338, memphis, 571
e8:94:f6:0d:ae:c4, 1542448807, 1542449338, memphis, 531
e8:94:f6:0d:ae:c4, 1542449000, 1542449338, memphis, 338
e8:94:f6:0d:ae:c4, 1542449135, 1542449338, memphis, 203
00:00:00:02:02:02, 1542449298, 1542449342, memphis, 44
e0:76:d0:eb:18:9e, 1542449192, 1542449373, memphis, 181
e0:76:d0:eb:18:9e, 1542449237, 1542449373, memphis, 136
e0:76:d0:eb:18:9e, 1542449327, 1542449373, memphis, 46
ba:8b:61:cc:13:09, 1542448898, 1542449375, memphis, 477
ba:8b:61:cc:13:09, 1542449032, 1542449375, memphis, 343
ba:8b:61:cc:13:09, 1542449107, 1542449375, memphis, 268
18:d2:76:e1:44:17, 1542449244, 1542449383, memphis, 139
8c:f5:a3:b6:61:26, 1542449158, 1542449387, memphis, 229
18:d2:76:e1:44:17, 1542449391, 1542449438, memphis, 47
da:a1:19:01:85:98, 1542449184, 1542449451, memphis, 267
da:a1:19:01:85:98, 1542449365, 1542449451, memphis, 86
fa:bc:73:24:d9:f9, 1542449012, 1542449458, memphis, 446
78:00:9e:33:5a:30, 1542449434, 1542449466, memphis, 32
42:0f:ca:b7:2f:89, 1542449071, 1542449473, memphis, 402
42:0f:ca:b7:2f:89, 1542449206, 1542449473, memphis, 267
bc:3d:85:26:14:6a, 1542448030, 1542449513, memphis, 1483
18:d2:76:e1:44:17, 1542449477, 1542449546, memphis, 69
d0:2b:20:55:a7:7f, 1542448994, 1542449557, memphis, 563
06:28:c9:08:b5:e4, 1542449443, 1542449574, memphis, 131
38:25:6b:31:f2:b8, 1542449518, 1542449578, memphis, 60
da:a1:19:01:85:98, 1542449543, 1542449588, memphis, 45
40:88:05:4b:43:b7, 1542449560, 1542449651, memphis, 91
98:9e:63:a5:f3:1b, 1542448471, 1542449654, memphis, 1183
98:9e:63:a5:f3:1b, 1542448522, 1542449654, memphis, 1132
98:9e:63:a5:f3:1b, 1542448899, 1542449654, memphis, 755
98:9e:63:a5:f3:1b, 1542448941, 1542449654, memphis, 713
f4:c2:48:c4:4c:24, 1542449602, 1542449663, memphis, 61
e4:f8:ef:73:25:85, 1542448660, 1542449680, memphis, 1020
e4:f8:ef:73:25:85, 1542449539, 1542449680, memphis, 141
82:20:21:52:38:08, 1542449391, 1542449715, memphis, 324
82:20:21:52:38:08, 1542449478, 1542449715, memphis, 237
82:20:21:52:38:08, 1542449673, 1542449715, memphis, 42
54:60:09:5a:3f:a8, 1542448935, 1542449717, memphis, 782
54:60:09:5a:3f:a8, 1542449597, 1542449717, memphis, 120
64:a2:f9:4c:00:9b, 1542449468, 1542449727, memphis, 259
64:a2:f9:4c:00:9b, 1542449502, 1542449727, memphis, 225
18:d2:76:e1:44:17, 1542449713, 1542449738, memphis, 25
e0:76:d0:eb:18:9e, 1542449433, 1542449748, memphis, 315
e0:76:d0:eb:18:9e, 1542449477, 1542449748, memphis, 271
e0:76:d0:eb:18:9e, 1542449537, 1542449748, memphis, 211
c0:ee:fb:da:cc:f4, 1542449423, 1542449801, memphis, 378
18:d2:76:e1:44:17, 1542449746, 1542449806, memphis, 60
18:d2:76:e1:44:17, 1542449802, 1542449806, memphis, 4
e0:76:d0:eb:18:9e, 1542449778, 1542449823, memphis, 45
e0:76:d0:eb:18:9e, 1542449808, 1542449823, memphis, 15
00:00:00:02:02:02, 1542449362, 1542449834, memphis, 472
00:00:00:02:02:02, 1542449406, 1542449834, memphis, 428
00:00:00:02:02:02, 1542449563, 1542449834, memphis, 271
00:00:00:02:02:02, 1542449624, 1542449834, memphis, 210
d0:b1:28:a6:1b:23, 1542449193, 1542449836, memphis, 643
d0:b1:28:a6:1b:23, 1542449702, 1542449836, memphis, 134
7c:a1:77:99:97:1a, 1542449746, 1542449842, memphis, 96
5c:77:76:6c:bf:91, 1542449763, 1542449871, memphis, 108
9c:5c:f9:70:0c:19, 1542449482, 1542449872, memphis, 390
6c:8d:c1:8b:55:dd, 1542449653, 1542449879, memphis, 226
40:f3:08:ff:7d:93, 1542449594, 1542449900, memphis, 306
d4:e6:b7:f8:12:ab, 1542449410, 1542449909, memphis, 499
d4:e6:b7:f8:12:ab, 1542449544, 1542449909, memphis, 365
82:20:21:52:38:08, 1542449836, 1542449914, memphis, 78
30:5a:3a:4c:93:54, 1542449898, 1542449924, memphis, 26
90:21:81:ad:a5:64, 1542448371, 1542449926, memphis, 1555
90:21:81:ad:a5:64, 1542448492, 1542449926, memphis, 1434
90:21:81:ad:a5:64, 1542448533, 1542449926, memphis, 1393
90:21:81:ad:a5:64, 1542448565, 1542449926, memphis, 1361
90:21:81:ad:a5:64, 1542448800, 1542449926, memphis, 1126
90:21:81:ad:a5:64, 1542448923, 1542449926, memphis, 1003
90:21:81:ad:a5:64, 1542449045, 1542449926, memphis, 881
90:21:81:ad:a5:64, 1542449095, 1542449926, memphis, 831
90:21:81:ad:a5:64, 1542449308, 1542449926, memphis, 618
90:21:81:ad:a5:64, 1542449428, 1542449926, memphis, 498
90:21:81:ad:a5:64, 1542449683, 1542449926, memphis, 243
b8:1d:aa:c3:08:0c, 1542449828, 1542449952, memphis, 124
d0:b1:28:e7:6a:b1, 1542449322, 1542449953, memphis, 631
00:00:00:02:02:02, 1542449928, 1542449983, memphis, 55
84:38:38:11:7c:93, 1542449349, 1542449987, memphis, 638
84:38:38:11:7c:93, 1542449387, 1542449987, memphis, 600
84:38:38:11:7c:93, 1542449465, 1542449987, memphis, 522
f4:8e:09:1b:bf:e4, 1542449701, 1542450001, memphis, 300
e0:76:d0:eb:18:9e, 1542449838, 1542450048, memphis, 210
24:da:9b:62:36:52, 1542449528, 1542450075, memphis, 547
24:da:9b:62:36:52, 1542449562, 1542450075, memphis, 513
24:da:9b:62:36:52, 1542449652, 1542450075, memphis, 423
24:da:9b:62:36:52, 1542449745, 1542450075, memphis, 330
c0:f4:e6:fb:07:3c, 1542449999, 1542450135, memphis, 136
c0:f4:e6:fb:07:3c, 1542450039, 1542450135, memphis, 96
34:2d:0d:6a:9c:c7, 1542448698, 1542450154, memphis, 1456
42:29:76:a6:72:e2, 1542450119, 1542450164, memphis, 45
18:d2:76:e1:44:17, 1542449952, 1542450174, memphis, 222
18:d2:76:e1:44:17, 1542450185, 1542450217, memphis, 32
d4:e6:b7:3d:fb:9f, 1542450129, 1542450255, memphis, 126
18:d2:76:e1:44:17, 1542450222, 1542450284, memphis, 62
08:c5:e1:5b:a0:2c, 1542449842, 1542450314, memphis, 472
b8:08:d7:3b:c1:43, 1542449958, 1542450333, memphis, 375
b8:08:d7:3b:c1:43, 1542450080, 1542450333, memphis, 253
80:58:f8:2f:21:44, 1542449544, 1542450366, memphis, 822
80:58:f8:2f:21:44, 1542449606, 1542450366, memphis, 760
80:58:f8:2f:21:44, 1542449669, 1542450366, memphis, 697
80:58:f8:2f:21:44, 1542449792, 1542450366, memphis, 574
80:58:f8:2f:21:44, 1542449913, 1542450366, memphis, 453
80:58:f8:2f:21:44, 1542449977, 1542450366, memphis, 389
80:58:f8:2f:21:44, 1542450035, 1542450366, memphis, 331
80:58:f8:2f:21:44, 1542450096, 1542450366, memphis, 270
80:58:f8:2f:21:44, 1542450169, 1542450366, memphis, 197
a4:70:d6:e0:b8:10, 1542449623, 1542450377, memphis, 754
a4:70:d6:e0:b8:10, 1542449677, 1542450377, memphis, 700
a4:70:d6:e0:b8:10, 1542449780, 1542450377, memphis, 597
a4:70:d6:e0:b8:10, 1542449829, 1542450377, memphis, 548
a4:70:d6:e0:b8:10, 1542449907, 1542450377, memphis, 470
a4:70:d6:e0:b8:10, 1542449937, 1542450377, memphis, 440
a4:70:d6:e0:b8:10, 1542449989, 1542450377, memphis, 388
a4:70:d6:e0:b8:10, 1542450075, 1542450377, memphis, 302
a4:70:d6:e0:b8:10, 1542450121, 1542450377, memphis, 256
a4:70:d6:e0:b8:10, 1542450169, 1542450377, memphis, 208
a4:70:d6:e0:b8:10, 1542450224, 1542450377, memphis, 153
a4:70:d6:e0:b8:10, 1542450272, 1542450377, memphis, 105
18:d2:76:e1:44:17, 1542450402, 1542450419, memphis, 17
d0:b1:28:0d:ae:09, 1542449438, 1542450484, memphis, 1046
d0:b1:28:0d:ae:09, 1542450095, 1542450484, memphis, 389
80:13:82:34:9e:b9, 1542450087, 1542450491, memphis, 404
80:13:82:34:9e:b9, 1542450169, 1542450491, memphis, 322
d2:1b:72:55:fe:8d, 1542450370, 1542450505, memphis, 135
18:d2:76:e1:44:17, 1542450433, 1542450536, memphis, 103
18:d2:76:e1:44:17, 1542450519, 1542450536, memphis, 17
5c:c3:07:7c:9e:4b, 1542450247, 1542450596, memphis, 349
