48:13:7e:85:2b:fe, 1542447005, 1542447017, patricia, 12
1c:23:2c:42:3a:ab, 1542447037, 1542447065, patricia, 28
da:a1:19:01:85:98, 1542447008, 1542447069, patricia, 61
ac:1f:74:58:32:58, 1542447046, 1542447084, patricia, 38
fc:3f:7c:1b:cc:6b, 1542447006, 1542447101, patricia, 95
fc:3f:7c:1b:cc:6b, 1542447089, 1542447101, patricia, 12
8c:f5:a3:e7:ed:8a, 1542447010, 1542447184, patricia, 174
8c:f5:a3:e7:ed:8a, 1542447069, 1542447184, patricia, 115
8c:f5:a3:e7:ed:8a, 1542447176, 1542447184, patricia, 8
d4:76:ea:09:3b:2d, 1542447175, 1542447192, patricia, 17
e0:76:d0:d4:d0:12, 1542447172, 1542447204, patricia, 32
64:a2:f9:33:16:e9, 1542447029, 1542447225, patricia, 196
64:a2:f9:33:16:e9, 1542447154, 1542447225, patricia, 71
e0:76:d0:d4:d0:12, 1542447218, 1542447235, patricia, 17
4c:09:d4:33:a1:a5, 1542447200, 1542447241, patricia, 41
38:37:8b:15:57:e8, 1542447143, 1542447285, patricia, 142
38:37:8b:15:57:e8, 1542447265, 1542447285, patricia, 20
00:a0:57:1d:d1:03, 1542447001, 1542447301, patricia, 300
00:a0:57:1d:d1:03, 1542447064, 1542447301, patricia, 237
00:a0:57:1d:d1:03, 1542447238, 1542447301, patricia, 63
00:a0:57:1d:d1:03, 1542447291, 1542447301, patricia, 10
d4:76:ea:09:3b:2d, 1542447283, 1542447324, patricia, 41
b4:e1:c4:d0:74:4c, 1542447298, 1542447340, patricia, 42
fc:3f:7c:1b:cc:6b, 1542447132, 1542447358, patricia, 226
fc:3f:7c:1b:cc:6b, 1542447226, 1542447358, patricia, 132
fc:3f:7c:1b:cc:6b, 1542447304, 1542447358, patricia, 54
a0:28:ed:77:43:3d, 1542447353, 1542447360, patricia, 7
f0:5b:7b:58:19:6b, 1542447169, 1542447371, patricia, 202
f0:5b:7b:58:19:6b, 1542447290, 1542447371, patricia, 81
d4:76:ea:09:3b:2d, 1542447359, 1542447376, patricia, 17
40:4e:36:cd:b1:6f, 1542447220, 1542447406, patricia, 186
40:4e:36:cd:b1:6f, 1542447375, 1542447406, patricia, 31
00:00:00:02:02:02, 1542447120, 1542447445, patricia, 325
00:00:00:02:02:02, 1542447202, 1542447445, patricia, 243
d4:76:ea:09:3b:2d, 1542447400, 1542447450, patricia, 50
d4:76:ea:09:3b:2d, 1542447442, 1542447450, patricia, 8
00:a0:57:1d:d1:03, 1542447451, 1542447464, patricia, 13
10:b1:f8:93:e1:63, 1542447491, 1542447541, patricia, 50
d4:76:ea:09:3b:2d, 1542447507, 1542447569, patricia, 62
4c:09:d4:33:a1:a5, 1542447409, 1542447572, patricia, 163
fa:d7:ea:7f:f4:ad, 1542447490, 1542447580, patricia, 90
fc:3f:7c:1b:cc:6b, 1542447359, 1542447603, patricia, 244
fc:3f:7c:1b:cc:6b, 1542447488, 1542447603, patricia, 115
fc:3f:7c:1b:cc:6b, 1542447565, 1542447603, patricia, 38
fc:3f:7c:1b:cc:6b, 1542447599, 1542447603, patricia, 4
cc:2d:8c:ca:dd:fb, 1542447138, 1542447618, patricia, 480
7a:39:53:f6:23:70, 1542447400, 1542447634, patricia, 234
d0:60:8c:25:4a:2e, 1542447004, 1542447658, patricia, 654
d0:60:8c:25:4a:2e, 1542447432, 1542447658, patricia, 226
d0:60:8c:25:4a:2e, 1542447651, 1542447658, patricia, 7
00:a0:57:1d:d1:03, 1542447634, 1542447685, patricia, 51
c8:38:70:67:64:7d, 1542447648, 1542447692, patricia, 44
4c:09:d4:33:a1:a5, 1542447654, 1542447744, patricia, 90
4c:09:d4:33:a1:a5, 1542447700, 1542447744, patricia, 44
da:a1:19:01:85:98, 1542447456, 1542447769, patricia, 313
4a:c2:24:de:9e:73, 1542447692, 1542447782, patricia, 90
7c:39:53:f6:23:73, 1542447682, 1542447784, patricia, 102
b4:e1:c4:21:bb:c4, 1542447798, 1542447803, patricia, 5
da:a1:19:01:85:98, 1542447770, 1542447833, patricia, 63
94:7b:e7:08:38:e8, 1542447761, 1542447864, patricia, 103
b4:e1:c4:d0:74:4c, 1542447622, 1542447906, patricia, 284
b4:e1:c4:d0:74:4c, 1542447850, 1542447906, patricia, 56
ac:5f:3e:f8:01:6b, 1542447802, 1542447906, patricia, 104
ac:5f:3e:f8:01:6b, 1542447834, 1542447906, patricia, 72
40:8d:5c:55:e5:c5, 1542447785, 1542447915, patricia, 130
94:e9:6a:8c:35:74, 1542447418, 1542447950, patricia, 532
94:e9:6a:8c:35:74, 1542447591, 1542447950, patricia, 359
94:e9:6a:8c:35:74, 1542447670, 1542447950, patricia, 280
94:e9:6a:8c:35:74, 1542447746, 1542447950, patricia, 204
94:e9:6a:8c:35:74, 1542447812, 1542447950, patricia, 138
fc:3f:7c:1b:cc:6b, 1542447685, 1542448008, patricia, 323
fc:3f:7c:1b:cc:6b, 1542447771, 1542448008, patricia, 237
fc:3f:7c:1b:cc:6b, 1542447967, 1542448008, patricia, 41
da:a1:19:01:85:98, 1542447943, 1542448010, patricia, 67
da:a1:19:01:85:98, 1542448005, 1542448010, patricia, 5
b4:f7:a1:aa:9a:b8, 1542447140, 1542448014, patricia, 874
b4:f7:a1:aa:9a:b8, 1542447179, 1542448014, patricia, 835
b4:f7:a1:aa:9a:b8, 1542447261, 1542448014, patricia, 753
b4:f7:a1:aa:9a:b8, 1542447349, 1542448014, patricia, 665
b4:f7:a1:aa:9a:b8, 1542447388, 1542448014, patricia, 626
b4:f7:a1:aa:9a:b8, 1542447755, 1542448014, patricia, 259
c4:93:d9:95:98:9d, 1542448019, 1542448028, patricia, 9
d0:60:8c:25:4a:2e, 1542447737, 1542448048, patricia, 311
d0:60:8c:25:4a:2e, 1542447821, 1542448048, patricia, 227
d0:60:8c:25:4a:2e, 1542447893, 1542448048, patricia, 155
d0:60:8c:25:4a:2e, 1542447961, 1542448048, patricia, 87
4c:09:d4:33:a1:a5, 1542448019, 1542448051, patricia, 32
d4:38:9c:b9:93:3a, 1542447542, 1542448053, patricia, 511
d4:38:9c:b9:93:3a, 1542447706, 1542448053, patricia, 347
5c:51:81:60:b1:ad, 1542447541, 1542448064, patricia, 523
5c:51:81:60:b1:ad, 1542447602, 1542448064, patricia, 462
8c:3a:e3:51:6a:48, 1542447602, 1542448069, patricia, 467
8c:3a:e3:51:6a:48, 1542447660, 1542448069, patricia, 409
8c:3a:e3:51:6a:48, 1542448031, 1542448069, patricia, 38
56:7d:75:3b:63:84, 1542447808, 1542448097, patricia, 289
d4:76:ea:09:3b:2d, 1542448068, 1542448140, patricia, 72
d4:76:ea:09:3b:2d, 1542448111, 1542448140, patricia, 29
4c:09:d4:33:a1:a5, 1542448166, 1542448213, patricia, 47
d4:76:ea:09:3b:2d, 1542448237, 1542448250, patricia, 13
d0:03:4b:ca:28:5b, 1542447565, 1542448250, patricia, 685
d0:03:4b:ca:28:5b, 1542447618, 1542448250, patricia, 632
d0:03:4b:ca:28:5b, 1542447652, 1542448250, patricia, 598
d0:03:4b:ca:28:5b, 1542448080, 1542448250, patricia, 170
d0:03:4b:ca:28:5b, 1542448111, 1542448250, patricia, 139
52:5d:bd:a2:eb:d0, 1542447586, 1542448258, patricia, 672
52:5d:bd:a2:eb:d0, 1542448066, 1542448258, patricia, 192
00:00:00:02:02:02, 1542447612, 1542448297, patricia, 685
00:00:00:02:02:02, 1542447818, 1542448297, patricia, 479
00:00:00:02:02:02, 1542447857, 1542448297, patricia, 440
00:00:00:02:02:02, 1542448035, 1542448297, patricia, 262
00:00:00:02:02:02, 1542448083, 1542448297, patricia, 214
00:00:00:02:02:02, 1542448118, 1542448297, patricia, 179
00:00:00:02:02:02, 1542448245, 1542448297, patricia, 52
c0:f4:e6:fb:07:3c, 1542447109, 1542448307, patricia, 1198
68:c4:4d:ec:cf:cb, 1542448131, 1542448327, patricia, 196
9e:bd:2d:d4:1c:d0, 1542448161, 1542448328, patricia, 167
88:d2:74:af:ea:8d, 1542447034, 1542448373, patricia, 1339
88:d2:74:af:ea:8d, 1542447144, 1542448373, patricia, 1229
88:d2:74:af:ea:8d, 1542447393, 1542448373, patricia, 980
88:d2:74:af:ea:8d, 1542447544, 1542448373, patricia, 829
88:d2:74:af:ea:8d, 1542447617, 1542448373, patricia, 756
88:d2:74:af:ea:8d, 1542447669, 1542448373, patricia, 704
88:d2:74:af:ea:8d, 1542447728, 1542448373, patricia, 645
88:d2:74:af:ea:8d, 1542447804, 1542448373, patricia, 569
88:d2:74:af:ea:8d, 1542447942, 1542448373, patricia, 431
88:d2:74:af:ea:8d, 1542447976, 1542448373, patricia, 397
88:d2:74:af:ea:8d, 1542448050, 1542448373, patricia, 323
88:d2:74:af:ea:8d, 1542448138, 1542448373, patricia, 235
88:d2:74:af:ea:8d, 1542448205, 1542448373, patricia, 168
70:70:0d:df:07:df, 1542447007, 1542448425, patricia, 1418
70:70:0d:df:07:df, 1542447068, 1542448425, patricia, 1357
70:70:0d:df:07:df, 1542447098, 1542448425, patricia, 1327
70:70:0d:df:07:df, 1542447224, 1542448425, patricia, 1201
70:70:0d:df:07:df, 1542447258, 1542448425, patricia, 1167
70:70:0d:df:07:df, 1542447341, 1542448425, patricia, 1084
70:70:0d:df:07:df, 1542447418, 1542448425, patricia, 1007
70:70:0d:df:07:df, 1542447452, 1542448425, patricia, 973
70:70:0d:df:07:df, 1542447541, 1542448425, patricia, 884
70:70:0d:df:07:df, 1542447672, 1542448425, patricia, 753
70:70:0d:df:07:df, 1542447706, 1542448425, patricia, 719
70:70:0d:df:07:df, 1542447754, 1542448425, patricia, 671
70:70:0d:df:07:df, 1542447885, 1542448425, patricia, 540
70:70:0d:df:07:df, 1542447939, 1542448425, patricia, 486
70:70:0d:df:07:df, 1542448016, 1542448425, patricia, 409
70:70:0d:df:07:df, 1542448169, 1542448425, patricia, 256
70:70:0d:df:07:df, 1542448212, 1542448425, patricia, 213
da:a1:19:01:85:98, 1542448087, 1542448426, patricia, 339
da:a1:19:01:85:98, 1542448380, 1542448426, patricia, 46
f4:c2:48:fe:51:64, 1542447571, 1542448429, patricia, 858
f4:c2:48:fe:51:64, 1542447973, 1542448429, patricia, 456
00:a0:57:1d:d1:03, 1542447786, 1542448442, patricia, 656
00:a0:57:1d:d1:03, 1542448389, 1542448442, patricia, 53
7a:39:53:f6:23:70, 1542448479, 1542448492, patricia, 13
bc:3d:85:82:81:62, 1542447566, 1542448502, patricia, 936
14:9d:09:e5:fc:5e, 1542447510, 1542448506, patricia, 996
d4:e6:b7:00:8a:0b, 1542448546, 1542448553, patricia, 7
a4:84:31:3c:44:8b, 1542448442, 1542448573, patricia, 131
fc:3f:7c:1b:cc:6b, 1542448264, 1542448582, patricia, 318
fc:3f:7c:1b:cc:6b, 1542448310, 1542448582, patricia, 272
fc:3f:7c:1b:cc:6b, 1542448384, 1542448582, patricia, 198
fc:3f:7c:1b:cc:6b, 1542448458, 1542448582, patricia, 124
fc:3f:7c:1b:cc:6b, 1542448514, 1542448582, patricia, 68
00:00:00:02:02:02, 1542448334, 1542448592, patricia, 258
00:00:00:02:02:02, 1542448434, 1542448592, patricia, 158
90:e7:c4:c4:a5:3d, 1542448574, 1542448615, patricia, 41
5c:51:81:30:e3:d5, 1542448227, 1542448616, patricia, 389
ac:5f:3e:2e:1b:5c, 1542448363, 1542448627, patricia, 264
5c:f8:a1:45:29:04, 1542448624, 1542448633, patricia, 9
da:a1:19:89:cd:81, 1542447020, 1542448639, patricia, 1619
20:a2:e4:d6:9f:55, 1542447539, 1542448650, patricia, 1111
20:a2:e4:d6:9f:55, 1542447735, 1542448650, patricia, 915
20:a2:e4:d6:9f:55, 1542447810, 1542448650, patricia, 840
c8:19:f7:90:d9:db, 1542448614, 1542448656, patricia, 42
60:f8:1d:1d:19:a0, 1542448109, 1542448691, patricia, 582
60:f8:1d:1d:19:a0, 1542448357, 1542448691, patricia, 334
60:f8:1d:1d:19:a0, 1542448587, 1542448691, patricia, 104
88:bd:45:08:a5:13, 1542448684, 1542448694, patricia, 10
aa:f3:a9:c0:88:83, 1542448560, 1542448694, patricia, 134
c8:d7:b0:ce:dc:a0, 1542448197, 1542448696, patricia, 499
c8:d7:b0:ce:dc:a0, 1542448322, 1542448696, patricia, 374
fc:3f:7c:1b:cc:6b, 1542448614, 1542448707, patricia, 93
e0:aa:96:2b:9b:a0, 1542448663, 1542448734, patricia, 71
e0:aa:96:2b:9b:a0, 1542448703, 1542448734, patricia, 31
00:a0:57:1d:d1:03, 1542448511, 1542448746, patricia, 235
00:a0:57:1d:d1:03, 1542448723, 1542448746, patricia, 23
92:6c:72:45:b8:f8, 1542448715, 1542448805, patricia, 90
00:00:00:02:02:02, 1542448687, 1542448814, patricia, 127
00:00:00:02:02:02, 1542448727, 1542448814, patricia, 87
00:00:00:02:02:02, 1542448779, 1542448814, patricia, 35
4c:dd:31:22:8a:c0, 1542448308, 1542448815, patricia, 507
96:27:9c:e4:cc:cd, 1542448727, 1542448818, patricia, 91
fc:3f:7c:1b:cc:6b, 1542448737, 1542448827, patricia, 90
fe:7a:72:ca:70:c5, 1542448694, 1542448829, patricia, 135
da:a1:19:01:85:98, 1542448813, 1542448836, patricia, 23
6c:c7:ec:2c:f6:0a, 1542447662, 1542448864, patricia, 1202
6c:c7:ec:2c:f6:0a, 1542448094, 1542448864, patricia, 770
6c:c7:ec:2c:f6:0a, 1542448756, 1542448864, patricia, 108
da:a1:19:9a:24:cc, 1542448687, 1542448867, patricia, 180
40:40:a7:2b:6c:30, 1542447485, 1542448871, patricia, 1386
40:40:a7:2b:6c:30, 1542447548, 1542448871, patricia, 1323
40:40:a7:2b:6c:30, 1542447710, 1542448871, patricia, 1161
2c:0e:3d:e1:a5:e0, 1542448759, 1542448879, patricia, 120
00:5a:13:b4:21:9e, 1542447593, 1542448885, patricia, 1292
00:5a:13:b4:21:9e, 1542447699, 1542448885, patricia, 1186
00:5a:13:b4:21:9e, 1542447893, 1542448885, patricia, 992
00:5a:13:b4:21:9e, 1542448115, 1542448885, patricia, 770
00:5a:13:b4:21:9e, 1542448208, 1542448885, patricia, 677
00:5a:13:b4:21:9e, 1542448823, 1542448885, patricia, 62
fc:3f:7c:1b:cc:6b, 1542448862, 1542448910, patricia, 48
4c:66:41:7b:c0:b6, 1542448870, 1542448921, patricia, 51
84:8e:df:e2:df:ce, 1542447546, 1542448923, patricia, 1377
84:8e:df:e2:df:ce, 1542447583, 1542448923, patricia, 1340
84:8e:df:e2:df:ce, 1542447683, 1542448923, patricia, 1240
1c:67:58:81:97:b5, 1542448236, 1542448932, patricia, 696
1c:67:58:81:97:b5, 1542448802, 1542448932, patricia, 130
00:00:00:02:02:02, 1542448893, 1542448941, patricia, 48
84:be:52:41:9e:89, 1542448315, 1542448942, patricia, 627
84:be:52:41:9e:89, 1542448439, 1542448942, patricia, 503
84:be:52:41:9e:89, 1542448772, 1542448942, patricia, 170
84:be:52:41:9e:89, 1542448827, 1542448942, patricia, 115
88:83:22:7b:c9:84, 1542448893, 1542448943, patricia, 50
fc:3f:7c:1b:cc:6b, 1542448939, 1542448956, patricia, 17
02:a0:57:24:45:ae, 1542448460, 1542448961, patricia, 501
00:00:00:02:02:02, 1542448947, 1542448975, patricia, 28
86:09:15:6f:bc:a2, 1542448896, 1542448986, patricia, 90
f4:0e:22:c4:1a:e5, 1542448865, 1542448986, patricia, 121
7a:39:53:f6:23:70, 1542448957, 1542449002, patricia, 45
00:a0:57:1d:d1:03, 1542448981, 1542449004, patricia, 23
cc:61:e5:13:01:ff, 1542448497, 1542449020, patricia, 523
cc:61:e5:13:01:ff, 1542448668, 1542449020, patricia, 352
cc:61:e5:13:01:ff, 1542448957, 1542449020, patricia, 63
d0:b1:28:0d:ae:09, 1542448110, 1542449042, patricia, 932
c8:19:f7:90:d9:db, 1542449047, 1542449053, patricia, 6
c0:ee:fb:f9:10:1c, 1542448861, 1542449056, patricia, 195
c0:ee:fb:f9:10:1c, 1542448920, 1542449056, patricia, 136
fc:3f:7c:1b:cc:6b, 1542448997, 1542449069, patricia, 72
24:92:0e:80:ff:7c, 1542448553, 1542449074, patricia, 521
24:92:0e:80:ff:7c, 1542449029, 1542449074, patricia, 45
a2:32:d1:7a:96:7a, 1542448731, 1542449076, patricia, 345
08:c5:e1:e7:75:50, 1542448000, 1542449109, patricia, 1109
08:c5:e1:e7:75:50, 1542448123, 1542449109, patricia, 986
08:c5:e1:e7:75:50, 1542448184, 1542449109, patricia, 925
08:c5:e1:e7:75:50, 1542448440, 1542449109, patricia, 669
00:00:00:02:02:02, 1542448993, 1542449126, patricia, 133
d4:e6:b7:00:8a:0b, 1542448666, 1542449130, patricia, 464
d4:a3:3d:da:32:8b, 1542449104, 1542449138, patricia, 34
c0:ee:fb:6c:1a:c6, 1542447942, 1542449154, patricia, 1212
8c:f5:a3:1f:b5:b3, 1542448978, 1542449196, patricia, 218
d4:e6:b7:00:8a:0b, 1542449169, 1542449202, patricia, 33
00:a0:57:1d:d1:03, 1542449150, 1542449203, patricia, 53
7a:39:53:f6:23:70, 1542449163, 1542449208, patricia, 45
84:9f:b5:0c:c5:d3, 1542449118, 1542449221, patricia, 103
48:27:ea:7e:06:86, 1542447853, 1542449237, patricia, 1384
48:27:ea:7e:06:86, 1542447901, 1542449237, patricia, 1336
48:27:ea:7e:06:86, 1542447958, 1542449237, patricia, 1279
d4:76:ea:09:3b:2d, 1542449224, 1542449238, patricia, 14
84:8e:df:6e:52:b9, 1542448026, 1542449257, patricia, 1231
84:8e:df:6e:52:b9, 1542448149, 1542449257, patricia, 1108
84:8e:df:6e:52:b9, 1542448581, 1542449257, patricia, 676
84:8e:df:6e:52:b9, 1542448643, 1542449257, patricia, 614
1c:cb:99:c9:25:2a, 1542447832, 1542449268, patricia, 1436
1c:cb:99:c9:25:2a, 1542449074, 1542449268, patricia, 194
1c:cb:99:c9:25:2a, 1542449127, 1542449268, patricia, 141
00:00:00:02:02:02, 1542449203, 1542449292, patricia, 89
00:00:00:02:02:02, 1542449303, 1542449342, patricia, 39
94:fe:22:60:01:85, 1542448132, 1542449357, patricia, 1225
94:fe:22:60:01:85, 1542448187, 1542449357, patricia, 1170
94:fe:22:60:01:85, 1542448267, 1542449357, patricia, 1090
94:fe:22:60:01:85, 1542448384, 1542449357, patricia, 973
94:fe:22:60:01:85, 1542448420, 1542449357, patricia, 937
94:fe:22:60:01:85, 1542448592, 1542449357, patricia, 765
94:fe:22:60:01:85, 1542448660, 1542449357, patricia, 697
94:fe:22:60:01:85, 1542448749, 1542449357, patricia, 608
94:fe:22:60:01:85, 1542449056, 1542449357, patricia, 301
c0:25:06:df:8a:cc, 1542448078, 1542449368, patricia, 1290
c0:25:06:df:8a:cc, 1542448866, 1542449368, patricia, 502
9c:f4:8e:78:5a:53, 1542449335, 1542449383, patricia, 48
a4:93:3f:b9:65:41, 1542448792, 1542449395, patricia, 603
7c:39:53:a8:36:d2, 1542449224, 1542449409, patricia, 185
7c:39:53:a8:36:d2, 1542449285, 1542449409, patricia, 124
78:00:9e:33:5a:30, 1542448752, 1542449410, patricia, 658
78:00:9e:33:5a:30, 1542448912, 1542449410, patricia, 498
80:58:f8:2f:21:44, 1542449236, 1542449422, patricia, 186
80:58:f8:2f:21:44, 1542449298, 1542449422, patricia, 124
d4:76:ea:09:3b:2d, 1542449417, 1542449447, patricia, 30
78:c3:e9:ac:75:b4, 1542449092, 1542449458, patricia, 366
78:c3:e9:ac:75:b4, 1542449275, 1542449458, patricia, 183
00:a0:57:1d:d1:03, 1542449373, 1542449461, patricia, 88
64:a2:f9:4c:00:9b, 1542449406, 1542449463, patricia, 57
7c:39:53:a8:36:d2, 1542449429, 1542449465, patricia, 36
24:da:9b:62:36:52, 1542449209, 1542449468, patricia, 259
90:68:c3:8f:5d:1f, 1542449325, 1542449480, patricia, 155
9c:6c:15:96:f2:60, 1542449437, 1542449496, patricia, 59
40:88:05:4b:43:b7, 1542448836, 1542449500, patricia, 664
40:88:05:4b:43:b7, 1542448921, 1542449500, patricia, 579
40:88:05:4b:43:b7, 1542449405, 1542449500, patricia, 95
40:88:05:4b:43:b7, 1542449459, 1542449500, patricia, 41
90:b9:31:cc:6d:16, 1542449419, 1542449569, patricia, 150
74:d2:1d:c1:fa:e3, 1542448052, 1542449603, patricia, 1551
74:d2:1d:c1:fa:e3, 1542448552, 1542449603, patricia, 1051
74:d2:1d:c1:fa:e3, 1542448690, 1542449603, patricia, 913
dc:bf:e9:a7:ee:65, 1542449564, 1542449609, patricia, 45
94:65:2d:7b:77:de, 1542449118, 1542449613, patricia, 495
94:65:2d:7b:77:de, 1542449446, 1542449613, patricia, 167
94:65:2d:7b:77:de, 1542449485, 1542449613, patricia, 128
94:65:2d:7b:77:de, 1542449593, 1542449613, patricia, 20
d0:60:8c:25:4a:2e, 1542448148, 1542449618, patricia, 1470
d0:60:8c:25:4a:2e, 1542448247, 1542449618, patricia, 1371
d0:60:8c:25:4a:2e, 1542448304, 1542449618, patricia, 1314
d0:60:8c:25:4a:2e, 1542448335, 1542449618, patricia, 1283
d0:60:8c:25:4a:2e, 1542448368, 1542449618, patricia, 1250
d0:60:8c:25:4a:2e, 1542448439, 1542449618, patricia, 1179
d0:60:8c:25:4a:2e, 1542448500, 1542449618, patricia, 1118
d0:60:8c:25:4a:2e, 1542448626, 1542449618, patricia, 992
d0:60:8c:25:4a:2e, 1542448678, 1542449618, patricia, 940
d0:60:8c:25:4a:2e, 1542448758, 1542449618, patricia, 860
d0:60:8c:25:4a:2e, 1542448877, 1542449618, patricia, 741
d0:60:8c:25:4a:2e, 1542448976, 1542449618, patricia, 642
d0:60:8c:25:4a:2e, 1542449012, 1542449618, patricia, 606
d0:60:8c:25:4a:2e, 1542449221, 1542449618, patricia, 397
d0:60:8c:25:4a:2e, 1542449368, 1542449618, patricia, 250
d0:60:8c:25:4a:2e, 1542449401, 1542449618, patricia, 217
d0:60:8c:25:4a:2e, 1542449515, 1542449618, patricia, 103
70:70:0d:df:07:df, 1542448430, 1542449640, patricia, 1210
70:70:0d:df:07:df, 1542448870, 1542449640, patricia, 770
70:70:0d:df:07:df, 1542449020, 1542449640, patricia, 620
70:70:0d:df:07:df, 1542449215, 1542449640, patricia, 425
70:70:0d:df:07:df, 1542449338, 1542449640, patricia, 302
70:70:0d:df:07:df, 1542449414, 1542449640, patricia, 226
70:70:0d:df:07:df, 1542449583, 1542449640, patricia, 57
b8:08:d7:3b:c1:43, 1542449549, 1542449704, patricia, 155
82:20:21:52:38:08, 1542449412, 1542449715, patricia, 303
a8:81:95:60:eb:d2, 1542449605, 1542449731, patricia, 126
fc:2a:9c:78:bd:8c, 1542448054, 1542449733, patricia, 1679
fc:2a:9c:78:bd:8c, 1542448084, 1542449733, patricia, 1649
fc:2a:9c:78:bd:8c, 1542448124, 1542449733, patricia, 1609
fc:2a:9c:78:bd:8c, 1542448179, 1542449733, patricia, 1554
fc:2a:9c:78:bd:8c, 1542449052, 1542449733, patricia, 681
fc:2a:9c:78:bd:8c, 1542449532, 1542449733, patricia, 201
fc:2a:9c:78:bd:8c, 1542449655, 1542449733, patricia, 78
00:a0:57:1d:d1:03, 1542449726, 1542449737, patricia, 11
d4:38:9c:c4:94:22, 1542449613, 1542449750, patricia, 137
d4:38:9c:c4:94:22, 1542449646, 1542449750, patricia, 104
fc:3f:7c:1b:cc:6b, 1542449215, 1542449758, patricia, 543
fc:3f:7c:1b:cc:6b, 1542449304, 1542449758, patricia, 454
fc:3f:7c:1b:cc:6b, 1542449436, 1542449758, patricia, 322
fc:3f:7c:1b:cc:6b, 1542449494, 1542449758, patricia, 264
fc:3f:7c:1b:cc:6b, 1542449560, 1542449758, patricia, 198
fc:3f:7c:1b:cc:6b, 1542449621, 1542449758, patricia, 137
fc:3f:7c:1b:cc:6b, 1542449660, 1542449758, patricia, 98
fc:3f:7c:1b:cc:6b, 1542449696, 1542449758, patricia, 62
fc:3f:7c:1b:cc:6b, 1542449739, 1542449758, patricia, 19
00:a0:57:1d:d1:03, 1542449763, 1542449768, patricia, 5
b6:bc:b5:44:50:20, 1542449649, 1542449784, patricia, 135
06:b5:c2:1c:d1:c6, 1542449476, 1542449790, patricia, 314
82:a7:9c:07:f7:87, 1542449486, 1542449790, patricia, 304
da:a1:19:28:8c:e1, 1542449730, 1542449790, patricia, 60
5c:2e:59:66:87:bd, 1542449807, 1542449809, patricia, 2
08:c5:e1:24:60:bd, 1542449402, 1542449815, patricia, 413
da:a1:19:01:85:98, 1542449754, 1542449816, patricia, 62
b8:1d:aa:c3:08:0c, 1542449459, 1542449827, patricia, 368
b8:1d:aa:c3:08:0c, 1542449521, 1542449827, patricia, 306
b8:1d:aa:c3:08:0c, 1542449582, 1542449827, patricia, 245
00:00:00:02:02:02, 1542449506, 1542449834, patricia, 328
00:00:00:02:02:02, 1542449588, 1542449834, patricia, 246
00:00:00:02:02:02, 1542449671, 1542449834, patricia, 163
00:00:00:02:02:02, 1542449736, 1542449834, patricia, 98
40:88:05:4b:43:b7, 1542449703, 1542449863, patricia, 160
5c:77:76:6c:bf:91, 1542449796, 1542449871, patricia, 75
9c:5c:f9:70:0c:19, 1542449356, 1542449872, patricia, 516
fc:3f:7c:1b:cc:6b, 1542449868, 1542449876, patricia, 8
40:f3:08:ff:7d:93, 1542449526, 1542449900, patricia, 374
64:a2:f9:4c:00:9b, 1542449903, 1542449907, patricia, 4
82:20:21:52:38:08, 1542449894, 1542449914, patricia, 20
d8:5b:2a:f4:14:cf, 1542449130, 1542449915, patricia, 785
04:d6:aa:25:7f:d9, 1542449678, 1542449925, patricia, 247
80:4e:70:0b:74:56, 1542449748, 1542449931, patricia, 183
80:4e:70:0b:74:56, 1542449779, 1542449931, patricia, 152
da:a1:19:01:85:98, 1542449817, 1542449937, patricia, 120
88:79:7e:ed:b1:42, 1542449556, 1542449953, patricia, 397
d0:b1:28:e7:6a:b1, 1542449445, 1542449953, patricia, 508
5c:ca:1a:0b:1a:e8, 1542449166, 1542449955, patricia, 789
5c:ca:1a:0b:1a:e8, 1542449225, 1542449955, patricia, 730
5c:ca:1a:0b:1a:e8, 1542449705, 1542449955, patricia, 250
5c:ca:1a:0b:1a:e8, 1542449885, 1542449955, patricia, 70
5c:ca:1a:0b:1a:e8, 1542449945, 1542449955, patricia, 10
30:07:4d:de:5a:04, 1542449536, 1542449957, patricia, 421
64:d1:a3:29:2a:59, 1542449909, 1542449966, patricia, 57
a8:96:75:04:3c:84, 1542449598, 1542449971, patricia, 373
00:00:00:02:02:02, 1542449892, 1542449983, patricia, 91
00:00:00:02:02:02, 1542449959, 1542449983, patricia, 24
7e:23:5f:c1:43:f6, 1542449736, 1542450004, patricia, 268
d0:2b:20:55:a7:7f, 1542449627, 1542450025, patricia, 398
00:1d:29:a3:74:c1, 1542449883, 1542450035, patricia, 152
24:da:9b:62:36:52, 1542449492, 1542450075, patricia, 583
00:a0:57:1d:d1:03, 1542449925, 1542450084, patricia, 159
00:a0:57:1d:d1:03, 1542449990, 1542450084, patricia, 94
82:20:21:52:38:08, 1542449952, 1542450092, patricia, 140
82:20:21:52:38:08, 1542449989, 1542450092, patricia, 103
82:20:21:52:38:08, 1542450041, 1542450092, patricia, 51
82:20:21:52:38:08, 1542450075, 1542450092, patricia, 17
34:2d:0d:6a:9c:c7, 1542449132, 1542450154, patricia, 1022
34:2d:0d:6a:9c:c7, 1542449548, 1542450154, patricia, 606
34:2d:0d:6a:9c:c7, 1542449592, 1542450154, patricia, 562
34:2d:0d:6a:9c:c7, 1542449775, 1542450154, patricia, 379
34:2d:0d:6a:9c:c7, 1542449855, 1542450154, patricia, 299
34:2d:0d:6a:9c:c7, 1542449956, 1542450154, patricia, 198
34:2d:0d:6a:9c:c7, 1542450065, 1542450154, patricia, 89
34:2d:0d:6a:9c:c7, 1542450128, 1542450154, patricia, 26
04:d6:aa:ee:f5:01, 1542449772, 1542450160, patricia, 388
da:a1:19:75:dd:91, 1542449729, 1542450162, patricia, 433
e6:71:d2:73:d5:07, 1542450008, 1542450188, patricia, 180
d0:b1:28:87:28:47, 1542450099, 1542450223, patricia, 124
d0:b1:28:87:28:47, 1542450220, 1542450223, patricia, 3
00:12:36:ea:8c:3c, 1542449927, 1542450230, patricia, 303
6a:ab:e5:4b:e5:59, 1542450059, 1542450236, patricia, 177
c8:85:50:86:78:43, 1542450234, 1542450247, patricia, 13
00:a0:57:1d:d1:03, 1542450217, 1542450280, patricia, 63
d0:b1:28:87:28:47, 1542450270, 1542450282, patricia, 12
da:a1:19:ba:85:4e, 1542450231, 1542450291, patricia, 60
64:a2:f9:83:d7:20, 1542449530, 1542450308, patricia, 778
64:a2:f9:83:d7:20, 1542449717, 1542450308, patricia, 591
64:a2:f9:83:d7:20, 1542450300, 1542450308, patricia, 8
08:c5:e1:5b:a0:2c, 1542449991, 1542450314, patricia, 323
b8:08:d7:3b:c1:43, 1542449768, 1542450333, patricia, 565
64:d1:a3:29:2a:59, 1542450145, 1542450334, patricia, 189
80:58:f8:5e:ab:0a, 1542448700, 1542450363, patricia, 1663
80:58:f8:5e:ab:0a, 1542449359, 1542450363, patricia, 1004
80:58:f8:5e:ab:0a, 1542449471, 1542450363, patricia, 892
80:58:f8:5e:ab:0a, 1542449542, 1542450363, patricia, 821
80:58:f8:5e:ab:0a, 1542449611, 1542450363, patricia, 752
80:58:f8:5e:ab:0a, 1542450238, 1542450363, patricia, 125
80:58:f8:5e:ab:0a, 1542450302, 1542450363, patricia, 61
a4:70:d6:e0:b8:10, 1542449118, 1542450377, patricia, 1259
a4:70:d6:e0:b8:10, 1542449219, 1542450377, patricia, 1158
a4:70:d6:e0:b8:10, 1542449300, 1542450377, patricia, 1077
88:83:22:f1:58:eb, 1542449776, 1542450388, patricia, 612
88:83:22:f1:58:eb, 1542449839, 1542450388, patricia, 549
88:83:22:f1:58:eb, 1542449901, 1542450388, patricia, 487
88:83:22:f1:58:eb, 1542449962, 1542450388, patricia, 426
88:83:22:f1:58:eb, 1542450204, 1542450388, patricia, 184
d0:b1:28:87:28:47, 1542450343, 1542450394, patricia, 51
14:5f:94:d0:78:b6, 1542450393, 1542450403, patricia, 10
10:a4:be:e1:f2:0d, 1542450383, 1542450416, patricia, 33
14:1f:78:93:c0:16, 1542450177, 1542450438, patricia, 261
8c:25:05:9b:56:e9, 1542450234, 1542450473, patricia, 239
80:58:f8:5e:ab:0a, 1542450423, 1542450486, patricia, 63
80:13:82:34:9e:b9, 1542449904, 1542450491, patricia, 587
a8:96:75:cc:1c:43, 1542449767, 1542450522, patricia, 755
a8:96:75:cc:1c:43, 1542450281, 1542450522, patricia, 241
00:a0:57:1d:d1:03, 1542450319, 1542450541, patricia, 222
f4:c2:48:c4:4c:24, 1542449783, 1542450541, patricia, 758
f4:c2:48:c4:4c:24, 1542450421, 1542450541, patricia, 120
e0:db:10:1d:fd:6d, 1542450497, 1542450545, patricia, 48
88:b4:a6:d5:f9:6c, 1542450463, 1542450550, patricia, 87
38:53:9c:91:54:21, 1542449120, 1542450560, patricia, 1440
fc:3f:7c:1b:cc:6b, 1542449931, 1542450560, patricia, 629
fc:3f:7c:1b:cc:6b, 1542449991, 1542450560, patricia, 569
fc:3f:7c:1b:cc:6b, 1542450169, 1542450560, patricia, 391
fc:3f:7c:1b:cc:6b, 1542450322, 1542450560, patricia, 238
fc:3f:7c:1b:cc:6b, 1542450383, 1542450560, patricia, 177
fc:3f:7c:1b:cc:6b, 1542450552, 1542450560, patricia, 8
88:75:98:1d:71:d9, 1542450477, 1542450585, patricia, 108
